1000 7
2000 3
3000 3
4000 4
5000 6
6000 2
7000 3
8000 4
9000 3
10000 3
11000 4
12000 5
13000 5
14000 5
15000 5
16000 6
17000 7
18000 6
19000 7
20000 6
21000 8
22000 8
23000 8
24000 8
25000 9
26000 10
27000 10
28000 11
29000 10
30000 10
31000 11
32000 11
33000 11
34000 13
35000 13
36000 13
37000 14
38000 16
39000 23
40000 17
41000 19
42000 30
43000 30
44000 20
45000 21
46000 27
47000 24
48000 21
49000 20
50000 20
51000 26
52000 20
53000 23
54000 21
55000 23
56000 22
57000 22
58000 22
59000 24
60000 24
61000 24
62000 24
63000 26
64000 26
65000 26
66000 26
67000 27
68000 28
69000 27
70000 30
71000 29
72000 32
73000 29
74000 32
75000 33
76000 32
77000 32
78000 33
79000 34
80000 33
81000 33
82000 34
83000 40
84000 35
85000 36
86000 36
87000 41
88000 37
89000 37
90000 39
91000 40
92000 38
93000 39
94000 39
95000 41
96000 40
97000 42
98000 43
99000 42
100000 42
